7919023
7920779
7921813
7922310
7923950
7925083
7925578
7926959
7927621
7927802
7928196
7929407
7930152
7931611
7932130
7932738
7933215
7934034
7934832
7936022
7936722
7937150
7937193
7938353
7938401
7938470
7938948
7939704
7940411
7941033
7941821
7942510
7944146
7945207
7945622
7946983
7947965
7948152
7952143
7952288
7953607
7953712
7954723
7955845
7956893
7958386
7960030
7961410
7961713
7961833
7962058
7962713
7963506
7963835
7965188
7965969
7967088
7968746
7969785
7970799
7970973
7971821
7973107
7973691
7974793
7975878
7977437
7977954
